"2.5%" "97.5%" "2.5%" "97.5%" "2.5%" "97.5%" "95%" "95%" "95%" "5%"
"1" -1.94000017285613 1.94663705158053 -1.90954530787385 1.95602833773062 -1.91470612560634 1.994563887266 0.645419570430157 1.63635911263359 1.47055324311468 0.0228032852079737
"2" -1.92247103089858 1.99514433423596 -1.91333220933589 1.99213186468729 -1.98786297599009 2.00446566535457 0.0147664674780143 1.37735602471268 1.49175951696638 0.0226742481098606
"3" -1.84948612620865 2.02176984466202 -1.85874639922663 1.96283249454416 -1.85246605054521 2.06524107161875 -0.627498534335972 1.1049536451913 1.44916652527614 0.023903997649167
"4" -1.80674210181033 2.06301258354556 -1.82244468455222 2.07690485519299 -1.87340510802179 1.97728262223361 -1.61729947013679 0.478308596283058 0.790149281679875 0.0281774827523406
"5" -1.98264017521179 2.00897855265996 -2.01616281246217 2.00379390235087 -1.9501709102899 1.98906815140001 1.56917746676043 2.12039720097631 1.99547517781714 0.0186860595141139
"6" -1.9672453219483 1.99159520288761 -1.99848903466399 1.99000294130323 -1.9466696698468 1.94489061047236 1.49865600370633 2.06387360469366 1.91439384139198 0.0205496841707166
"7" -2.07658742023439 2.07705979533236 -2.02416992830861 2.07257051476335 -1.99275819177653 2.10651276188385 0.89519563491635 1.72737038027302 2.0804808669117 0.017521404309746
"8" -1.88607379849271 1.94997290381248 -1.87519747445712 1.96099292131479 -1.91321227233482 2.05724758779361 0.537173553683032 1.56280141754839 2.14325572414229 0.0208703024879216
"9" -1.96474360094894 1.98449752994988 -1.97480863037695 1.98248539515981 -1.93235180820628 1.93819187271011 1.89891067839993 2.01207003719483 1.98204212772561 0.0205323901308576
"10" -1.921998637371 2.00117357660207 -1.89331446496626 1.99727597241326 -1.95316199157358 1.97766846616569 2.00071188377758 2.26561959654004 2.24311230131565 0.0212446163351857
"11" -1.93312471776415 1.95178525379474 -1.9325565700001 1.93278817376569 -1.99925019016415 1.94423238709022 1.72461475138961 2.1326524892659 2.36551309769476 0.0196036280971327
"12" -2.06076194298943 1.98394720246936 -2.06853250243398 1.9891710013352 -2.02115435735116 1.96743517922136 1.56471573077974 2.1366563636264 2.62582791016981 0.0178265464907647
